59,52
59,51
59,50
59,49
59,48
59,47
59,46
59,45
59,44
59,43
59,42
59,41
59,40
59,39
59,38
59,37
59,36
59,35
45,4
48,5
46,1
46,4
47,4
45,1
45,3
56,1
56,3
55,1
55,3
48,1
48,3
44,1
44,3
52,1
52,3
53,1
53,3
47,1
47,3
49,1
49,3
54,1
54,3
51,1
51,3
3,2
3,1
3,3
10,165
10,295
10,17
10,297
10,308
10,16
10,140
10,1
10,170
10,2
10,3
11,4
11,14
11,11
11,28
11,17
11,18
11,22
11,1
11,25
11,2
11,3
9,5
9,1
9,7
9,2
9,3
8,18
8,5
8,14
8,12
8,1
8,6
8,2
8,3
12,2
12,1
12,3
20,2
20,1
20,3
19,2
19,1
19,3
18,1
18,3
14,1
14,3
13,1
13,3
2,2
2,1
2,3
0,0
59,34
